1100
1101
1102
1103
1104
1105
1106
1199
1302
1303
6000
6001
6002
6003
6004
6005
6007
6099
1301
3600
3601
3602
3603
3604
3605
3606
3607
3608
3609
3611
3699
4006
6200
6201
6202
6203
6204
6205
6206
6207
6209
6210
6211
6212
6299
1901
1902
1903
1904
2001
2100
2101
2102
2105
2106
2107
3700
3701
3702
4005
2300
2301
2303
2304
2305
2306
2307
2308
2309
2310
2311
2312
2313
2314
2399
3501
1401
2400
2401
2402
2403
2404
2405
2406
2407
2408
2409
2410
2411
2412
2413
2414
2415
2416
2417
2418
2419
2499
2500
2501
2502
2503
2504
2599
5008
4002
6100
6102
6103
6104
6105
6106
6107
6108
6109
6110
6199
1501
2601
2602
2603
3301
3302
3401
3402
4001
4801
4901
5502
6006
6402
6403
2201
2901
3801
4101
5601
5701
5901
4000
3201
3202
5301
5401
5402
5000
5001
5002
5003
5004
5005
5006
5007
5098
5102
5200
5201
5202
5203
5205
5206
5299
5403
5404
4007
5500
5501
5503
5504
5505
5506
5507
5599
