4656151457587057193
1775050122333181979
3646067248870201978
4705042472833904933
2998482459416455060
8393098447134763811
5226798390036598979
2201354037875647803
2462931153884987466
6921026945639271818
5686009041252963205
353109232532644684
8062332371648297057
6019313052882995662
2515093820237050390
8475255270971172113
6708040031928568786
322017632730993660
8452325460932567299
6444635986590962017
4791270260184022851
8022035300970129020
2190360872926192748
269140986178792500
6944769234480876480
9036145693221966329
2888082459403775370
3036138376909356694
2180599382320354761
1578213636819718398
4123951274470664042
8177159458116878303
962318885119321396
5644096802727167253
2644849743533616576
4914265546386362566
8744370624233672104
4050672558797842693
5573260751500752352
167941471448337547
3433172947308161353
969992565203601026
7331374612894774437
2605155926840655749
4911211609223192323
8302287574961127032
6329511533315958837
4195908319615469607
1003168144157448016
8022484124159867419
8453289688387597489
2229561152441835583
7428927831209929243
3265096169062165985
2006706266366014321
2881936508975502623
5469859231682748212
2464444992576933359
2288770422031246942
152601546848697154
1559164180236021141
1285771006338469780
5752882842801578613
1061336789119216516
5602999084748682154
7283422532259305913
7841996910161373950
9129782114704749725
6149950485104246017
3091162108711046824
5309995550583206351
4498713468436934161
6228162923744603308
5333839096468749364
1227378321998201329
6046921440929791607
7177610587766365448
7402784202587959226
3288717389288042054
8360390402314484225
2625564649347057613
391374324425248096
3827439762144459758
3187887823513370791
5108936145776826674
4162954338769519371
7319160816942885735
6441762305998582884
4681263066352985358
1875013167021891083
5798089388658158671
5740358266983452638
1895873609484024682
7810152040518503856
5217253288250423855
2228461066389225219
5271005874806055954
1947221651166230991
3957663896376853072
7079416002358386865
